list(sumNumNeigh=684,
num=c(3,5,5,5,5,5,5,5,5,3,
5,8,8,8,8,8,8,8,8,5,
5,8,8,8,8,8,8,8,8,5,
5,8,8,8,8,8,8,8,8,5,
5,8,8,8,8,8,8,8,8,5,
5,8,8,8,8,8,8,8,8,5,
5,8,8,8,8,8,8,8,8,5,
5,8,8,8,8,8,8,8,8,5,
5,8,8,8,8,8,8,8,8,5,
3,5,5,5,5,5,5,5,5,3),
adj=c(2,11,12,
1,3,11,12,13,
2,4,12,13,14,
3,5,13,14,15,
4,6,14,15,16,
5,7,15,16,17,
6,8,16,17,18,
7,9,17,18,19,
8,10,18,19,20,
9,19,20,
1,2,12,21,22,
1,2,3,11,13,21,22,23,
2,3,4,12,14,22,23,24,
3,4,5,13,15,23,24,25,
4,5,6,14,16,24,25,26,
5,6,7,15,17,25,26,27,
6,7,8,16,18,26,27,28,
7,8,9,17,19,27,28,29,
8,9,10,18,20,28,29,30,
9,10,19,29,30,
11,12,22,31,32,
11,12,13,21,23,31,32,33,
12,13,14,22,24,32,33,34,
13,14,15,23,25,33,34,35,
14,15,16,24,26,34,35,36,
15,16,17,25,27,35,36,37,
16,17,18,26,28,36,37,38,
17,18,19,27,29,37,38,39,
18,19,20,28,30,38,39,40,
19,20,29,39,40,
21,22,32,41,42,
21,22,23,31,33,41,42,43,
22,23,24,32,34,42,43,44,
23,24,25,33,35,43,44,45,
24,25,26,34,36,44,45,46,
25,26,27,35,37,45,46,47,
26,27,28,36,38,46,47,48,
27,28,29,37,39,47,48,49,
28,29,30,38,40,48,49,50,
29,30,39,49,50,
31,32,42,51,52,
31,32,33,41,43,51,52,53,
32,33,34,42,44,52,53,54,
33,34,35,43,45,53,54,55,
34,35,36,44,46,54,55,56,
35,36,37,45,47,55,56,57,
36,37,38,46,48,56,57,58,
37,38,39,47,49,57,58,59,
38,39,40,48,50,58,59,60,
39,40,49,59,60,
41,42,52,61,62,
41,42,43,51,53,61,62,63,
42,43,44,52,54,62,63,64,
43,44,45,53,55,63,64,65,
44,45,46,54,56,64,65,66,
45,46,47,55,57,65,66,67,
46,47,48,56,58,66,67,68,
47,48,49,57,59,67,68,69,
48,49,50,58,60,68,69,70,
49,50,59,69,70,
51,52,62,71,72,
51,52,53,61,63,71,72,73,
52,53,54,62,64,72,73,74,
53,54,55,63,65,73,74,75,
54,55,56,64,66,74,75,76,
55,56,57,65,67,75,76,77,
56,57,58,66,68,76,77,78,
57,58,59,67,69,77,78,79,
58,59,60,68,70,78,79,80,
59,60,69,79,80,
61,62,72,81,82,
61,62,63,71,73,81,82,83,
62,63,64,72,74,82,83,84,
63,64,65,73,75,83,84,85,
64,65,66,74,76,84,85,86,
65,66,67,75,77,85,86,87,
66,67,68,76,78,86,87,88,
67,68,69,77,79,87,88,89,
68,69,70,78,80,88,89,90,
69,70,79,89,90,
71,72,82,91,92,
71,72,73,81,83,91,92,93,
72,73,74,82,84,92,93,94,
73,74,75,83,85,93,94,95,
74,75,76,84,86,94,95,96,
75,76,77,85,87,95,96,97,
76,77,78,86,88,96,97,98,
77,78,79,87,89,97,98,99,
78,79,80,88,90,98,99,100,
79,80,89,99,100,
81,82,92,
81,82,83,91,93,
82,83,84,92,94,
83,84,85,93,95,
84,85,86,94,96,
85,86,87,95,97,
86,87,88,96,98,
87,88,89,97,99,
88,89,90,98,100,
89,90,99))